29230
29249
29227
29228
29200
29214
29248
29181
29250
29232
29202
29252
29215
29235
29224
29183
29177
29199
29220
29242
29234
29233
29187
29203
29191
29189
29197
29237
29254
29226
29184
29180
29193
29185
29188
29243
29198
29218
29211
29231
29251
29208
29213
29186
29182
29241
29246
29210
29206
29253
29212
29196
28877
28853
28864
28876
28902
28863
28871
28897
28886
28892
28890
28889
28896
28860
28854
28899
28906
28895
28868
28855
28866
28873
28907
28888
28904
28887
28903
28905
28881
28865
28908
28859
28894
28885
28878
28900
28857
28901
28893
28862
28909
28891
28875
28861
28880
28870
28856
28872
28879
28867
28882
